#X=45 x 5mm Y=6 x 8mm z=0mm
#X Y B
1 1 +0.1099 
2 1 +0.2156 
3 1 +0.4493 
4 1 +0.9980 
5 1 +2.2954 
6 1 +05.099 
7 1 +09.900 
8 1 +16.584 
9 1 +24.971 
10 1 +035.10 
11 1 +046.90 
12 1 +060.03 
13 1 +073.59 
14 1 +086.18 
15 1 +096.27 
16 1 +103.04 
17 1 +106.82 
18 1 +108.63 
19 1 +109.41 
20 1 +109.74 
21 1 +109.91 
22 1 +110.00 
23 1 +110.03 
24 1 +110.08 
25 1 +110.08 
26 1 +110.09 
27 1 +110.07 
28 1 +109.94 
29 1 +109.70 
30 1 +109.00 
31 1 +107.41 
32 1 +103.95 
33 1 +097.57 
34 1 +087.72 
35 1 +075.21 
36 1 +061.56 
37 1 +048.20 
38 1 +036.15 
39 1 +025.84 
40 1 +17.226 
41 1 +10.346 
42 1 +05.309 
43 1 +02.364 
44 1 +1.0116 
45 1 +0.4533 
45 2 +0.4545 
44 2 +0.9746 
43 2 +2.0233 
42 2 +03.883 
41 2 +06.776 
40 2 +10.681 
39 2 +15.596 
38 2 +21.493 
37 2 +028.28 
36 2 +035.63 
35 2 +043.01 
34 2 +049.69 
33 2 +055.07 
32 2 +058.76 
31 2 +061.01 
30 2 +062.18 
29 2 +062.76 
28 2 +063.00 
27 2 +063.12 
26 2 +063.14 
25 2 +063.13 
24 2 +063.11 
23 2 +063.05 
22 2 +063.04 
21 2 +062.94 
20 2 +062.78 
19 2 +062.50 
18 2 +061.84 
17 2 +060.53 
16 2 +058.16 
15 2 +054.28 
14 2 +048.80 
13 2 +042.07 
12 2 +034.74 
11 2 +027.51 
10 2 +020.88 
9 2 +15.061 
8 2 +10.279 
7 2 +06.492 
6 2 +03.725 
5 2 +1.9354 
4 2 +0.9361 
3 2 +0.4350 
2 2 +0.2014 
1 2 +0.0944 
1 3 +0.0206 
2 3 +0.0526 
3 3 +0.1211 
4 3 +0.2619 
5 3 +0.5286 
6 3 +0.9832 
7 3 +1.6693 
8 3 +2.6099 
9 3 +03.799 
10 3 +05.223 
11 3 +06.864 
12 3 +08.614 
13 3 +10.402 
14 3 +12.035 
15 3 +13.361 
16 3 +14.373 
17 3 +15.014 
18 3 +15.373 
19 3 +15.599 
20 3 +15.698 
21 3 +15.777 
22 3 +15.833 
23 3 +15.855 
24 3 +15.909 
25 3 +15.931 
26 3 +15.938 
27 3 +15.954 
28 3 +15.922 
29 3 +15.865 
30 3 +15.682 
31 3 +15.366 
32 3 +14.768 
33 3 +13.817 
34 3 +12.493 
35 3 +10.837 
36 3 +09.036 
37 3 +07.225 
38 3 +05.5234
39 3 +04.034 
40 3 +02.788 
41 3 +1.7969 
42 3 +1.0679 
43 3 +0.5829 
44 3 +0.2947 
45 3 +0.1427 
45 4 -0.2601 
44 4 -0.5505 
43 4 -1.1079 
42 4 -2.0590 
41 4 -03.491 
40 4 -05.436 
39 4 -07.877 
38 4 -10.774 
37 4 -14.078 
36 4 -17.621 
35 4 -21.159 
34 4 -24.356 
33 4 -26.971 
32 4 -028.81 
31 4 -029.97 
30 4 -030.64 
29 4 -030.96 
28 4 -031.14 
27 4 -031.23 
26 4 -031.27 
25 4 -031.29 
24 4 -031.34 
23 4 -031.37 
22 4 -031.39 
21 4 -031.39 
20 4 -031.36 
19 4 -031.20 
18 4 -030.89 
17 4 -030.24 
16 4 -029.04 
15 4 -027.11 
14 4 -024.44 
13 4 -021.17 
12 4 -17.639 
11 4 -14.083 
10 4 -10.782 
9 4 -07.860 
8 4 -05.421 
7 4 -03.479 
6 4 -02.065 
5 4 -1.1246 
4 4 -0.5717 
3 4 -0.2810 
2 4 -0.1397 
1 4 -0.0736 
1 5 -0.1282 
2 5 -0.2453 
3 5 -0.5041 
4 5 -1.0752 
5 5 -2.2629 
6 5 -04.469 
7 5 -07.968 
8 5 -12.799 
9 5 -18.879 
10 5 -26.208 
11 5 -034.65 
12 5 -043.78 
13 5 -053.07 
14 5 -061.60 
15 5 -068.50 
16 5 -073.25 
17 5 -076.08 
18 5 -077.56 
19 5 -078.22 
20 5 -078.51 
21 5 -078.61 
22 5 -078.61 
23 5 -078.62 
24 5 -078.58 
25 5 -078.55 
26 5 -078.50 
27 5 -078.43 
28 5 -078.29 
29 5 -077.96 
30 5 -077.32 
31 5 -075.93 
32 5 -073.25 
33 5 -068.66 
34 5 -061.91 
35 5 -053.47 
36 5 -044.17 
37 5 -035.00 
38 5 -026.50 
39 5 -19.153 
40 5 -13.025 
41 5 -08.117 
42 5 -04.534 
43 5 -02.271 
44 5 -1.0594 
45 5 -0.4827 
45 6 -0.3690 
44 6 -0.8132 
43 6 -2.0307 
42 6 -05.151 
41 6 -10.996 
40 6 -18.930 
39 6 -028.67 
38 6 -040.33 
37 6 -054.05 
36 6 -069.44 
35 6 -085.38 
34 6 -100.07 
33 6 -111.63 
32 6 -118.95 
31 6 -122.70 
30 6 -124.35 
29 6 -125.01 
28 6 -125.30 
27 6 -125.41 
26 6 -125.48 
25 6 -125.52 
24 6 -125.56 
23 6 -125.57 
22 6 -125.60 
21 6 -125.58 
20 6 -125.51 
19 6 -125.25 
18 6 -124.54 
17 6 -122.74 
16 6 -118.71 
15 6 -111.00 
14 6 -099.25 
13 6 -084.44 
12 6 -068.52 
11 6 -053.28 
10 6 -039.75 
9 6 -028.14 
8 6 -18.518 
7 6 -10.707 
6 6 -05.061 
5 6 -02.047 
4 6 -0.8507 
3 6 -0.3985 
2 6 -0.2100 
1 6 -0.1211 
