#X=45 x 5mm Y=6 x 8mm z=0mm
#X Y B
1 1 +0.0526 
2 1 +0.1143 
3 1 +0.2528 
4 1 +0.5831 
5 1 +1.3699 
6 1 +03.078 
7 1 +06.015 
8 1 +10.095 
9 1 +15.188 
10 1 +21.358 
11 1 +028.53 
12 1 +036.55 
13 1 +044.83 
14 1 +052.52 
15 1 +058.67 
16 1 +062.79 
17 1 +065.09 
18 1 +066.18 
19 1 +066.67 
20 1 +066.86 
21 1 +066.96 
22 1 +067.02 
23 1 +067.05 
24 1 +067.07 
25 1 +067.06 
26 1 +067.08 
27 1 +067.05 
28 1 +066.99 
29 1 +066.85 
30 1 +066.44 
31 1 +065.47 
32 1 +063.37 
33 1 +059.48 
34 1 +053.50 
35 1 +045.85 
36 1 +037.50 
37 1 +029.36 
38 1 +022.00 
39 1 +15.717 
40 1 +10.499 
41 1 +06.300 
42 1 +03.211 
43 1 +1.4114 
44 1 +0.5883 
45 1 +0.2535 
45 2 +0.2640 
44 2 +0.5783 
43 2 +1.2153 
42 2 +2.3509 
41 2 +04.112 
40 2 +06.511 
39 2 +09.504 
38 2 +13.080 
37 2 +17.207 
36 2 +21.686 
35 2 +26.181 
34 2 +030.28 
33 2 +033.55 
32 2 +035.83 
31 2 +037.17 
30 2 +037.90 
29 2 +038.25 
28 2 +038.40 
27 2 +038.47 
26 2 +038.46 
25 2 +038.46 
24 2 +038.46 
23 2 +038.42 
22 2 +038.42 
21 2 +038.36 
20 2 +038.25 
19 2 +038.08 
18 2 +037.68 
17 2 +036.89 
16 2 +035.43 
15 2 +033.07 
14 2 +029.74 
13 2 +025.63 
12 2 +021.16 
11 2 +16.738 
10 2 +12.708 
9 2 +09.192 
8 2 +06.267 
7 2 +03.941 
6 2 +02.254 
5 2 +1.1651 
4 2 +0.5557 
3 2 +0.2521 
2 2 +0.1114 
1 2 +0.0477 
1 3 +0.0075 
2 3 +0.0269 
3 3 +0.0685 
4 3 +0.1544 
5 3 +0.3170 
6 3 +0.5939 
7 3 +1.0116 
8 3 +1.5841 
9 3 +2.3108 
10 3 +03.181 
11 3 +04.178 
12 3 +05.254 
13 3 +06.351 
14 3 +07.349 
15 3 +08.169 
16 3 +08.781 
17 3 +09.179 
18 3 +09.387 
19 3 +09.525 
20 3 +09.596 
21 3 +09.642 
22 3 +09.666 
23 3 +09.684 
24 3 +09.718 
25 3 +09.719 
26 3 +09.736 
27 3 +09.739 
28 3 +09.728 
29 3 +09.690 
30 3 +09.591 
31 3 +09.385 
32 3 +09.024 
33 3 +08.440 
34 3 +07.634 
35 3 +06.622 
36 3 +05.516 
37 3 +04.399 
38 3 +03.364 
39 3 +02.455 
40 3 +1.6967 
41 3 +1.0932 
42 3 +0.6470 
43 3 +0.3514 
44 3 +0.1763 
45 3 +0.0842 
45 4 -0.1522 
44 4 -0.3272 
43 4 -0.6657 
42 4 -1.2440 
41 4 -2.1199 
40 4 -03.302 
39 4 -04.790 
38 4 -06.557 
37 4 -08.562 
36 4 -10.723 
35 4 -12.877 
34 4 -14.817 
33 4 -16.417 
32 4 -17.529 
31 4 -18.241 
30 4 -18.623 
29 4 -18.837 
28 4 -18.928 
27 4 -18.990 
26 4 -19.010 
25 4 -19.043 
24 4 -19.050 
23 4 -19.072 
22 4 -19.075 
21 4 -19.094 
20 4 -19.055 
19 4 -18.974 
18 4 -18.800 
17 4 -18.379 
16 4 -17.662 
15 4 -16.497 
14 4 -14.884 
13 4 -12.902 
12 4 -10.730 
11 4 -08.567 
10 4 -06.553 
9 4 -04.773 
8 4 -03.285 
7 4 -02.112 
6 4 -1.2527 
5 4 -0.6785 
4 4 -0.3436 
3 4 -0.1676 
2 4 -0.0831 
1 4 -0.0440 
1 5 -0.0728 
2 5 -0.1413 
3 5 -0.2967 
4 5 -0.6421 
5 5 -1.3639 
6 5 -2.7084 
7 5 -04.833 
8 5 -07.773 
9 5 -11.480 
10 5 -15.941 
11 5 -21.056 
12 5 -26.684 
13 5 -032.35 
14 5 -037.54 
15 5 -041.73 
16 5 -044.60 
17 5 -046.34 
18 5 -047.23 
19 5 -047.65 
20 5 -047.80 
21 5 -047.87 
22 5 -047.88 
23 5 -047.85 
24 5 -047.84 
25 5 -047.83 
26 5 -047.81 
27 5 -047.76 
28 5 -047.67 
29 5 -047.49 
30 5 -047.10 
31 5 -046.25 
32 5 -044.61 
33 5 -041.82 
34 5 -037.74 
35 5 -032.61 
36 5 -026.91 
37 5 -021.25 
38 5 -16.140 
39 5 -11.661 
40 5 -07.913 
41 5 -04.925 
42 5 -02.741 
43 5 -1.3652 
44 5 -0.6256 
45 5 -0.2776 
45 6 -0.2003 
44 6 -0.4657 
43 6 -1.2045 
42 6 -03.098 
41 6 -06.661 
40 6 -11.495 
39 6 -17.425 
38 6 -24.538 
37 6 -032.97 
36 6 -042.30 
35 6 -052.01 
34 6 -060.95 
33 6 -068.00 
32 6 -072.45 
31 6 -074.75 
30 6 -075.75 
29 6 -076.15 
28 6 -076.31 
27 6 -076.38 
26 6 -076.41 
25 6 -076.43 
24 6 -076.46 
23 6 -076.47 
22 6 -076.47 
21 6 -076.47 
20 6 -076.44 
19 6 -076.28 
18 6 -075.87 
17 6 -074.76 
16 6 -072.29 
15 6 -067.60 
14 6 -060.45 
13 6 -051.41 
12 6 -041.73 
11 6 -032.46 
10 6 -024.16 
9 6 -17.106 
8 6 -11.243 
7 6 -06.481 
6 6 -03.044 
5 6 -1.2207 
4 6 -0.4958 
3 6 -0.2252 
2 6 -0.1151 
1 6 -0.0647 
