#X=51 x 10mm Y=11 x 2mm z=0mm
#X Y B
1 1 -0.0645 
2 1 -0.0827 
3 1 -0.1053 
4 1 -0.1344 
5 1 -0.1727 
6 1 -0.2258 
7 1 -0.3021 
8 1 -0.4150 
9 1 -0.5886 
10 1 -0.8687 
11 1 -1.3415 
12 1 -2.1688 
13 1 -03.582 
14 1 -05.536 
15 1 -07.002 
16 1 -07.541 
17 1 -07.670 
18 1 -07.679 
19 1 -07.655 
20 1 -07.622 
21 1 -07.586 
22 1 -07.553 
23 1 -07.525 
24 1 -07.511 
25 1 -07.512 
26 1 -07.533 
27 1 -07.570 
28 1 -07.623 
29 1 -07.688 
30 1 -07.756 
31 1 -07.820 
32 1 -07.872 
33 1 -07.908 
34 1 -07.922 
35 1 -07.912 
36 1 -07.871 
37 1 -07.764 
38 1 -07.438 
39 1 -06.461 
40 1 -04.565 
41 1 -02.783 
42 1 -1.6739 
43 1 -1.0412 
44 1 -0.6765 
45 1 -0.4576 
46 1 -0.3211 
47 1 -0.2330 
48 1 -0.1742 
49 1 -0.1342 
50 1 -0.1052 
51 1 -0.0838 
51 2 -0.0834 
50 2 -0.1050 
49 2 -0.1340 
48 2 -0.1747 
47 2 -0.2340 
46 2 -0.3230 
45 2 -0.4613 
44 2 -0.6826 
43 2 -1.0508 
42 2 -1.6851 
41 2 -2.7793 
40 2 -04.456 
39 2 -06.204 
38 2 -07.169 
37 2 -07.507 
36 2 -07.614 
35 2 -07.651 
34 2 -07.661 
33 2 -07.650 
32 2 -07.626 
31 2 -07.590 
30 2 -07.548 
29 2 -07.502 
28 2 -07.460 
27 2 -07.424 
26 2 -07.397 
25 2 -07.383 
24 2 -07.384 
23 2 -07.396 
22 2 -07.419 
21 2 -07.445 
20 2 -07.476 
19 2 -07.505 
18 2 -07.523 
17 2 -07.505 
16 2 -07.358 
15 2 -06.798 
14 2 -05.408 
13 2 -03.595 
12 2 -02.218 
11 2 -1.3924 
10 2 -0.9117 
9 2 -0.6255 
8 2 -0.4476 
7 2 -0.3321 
6 2 -0.2540 
5 2 -0.1988 
4 2 -0.1590 
3 2 -0.1285 
2 2 -0.1049 
1 2 -0.0864 
1 3 -0.0859 
2 3 -0.1035 
3 3 -0.12604
4 3 -0.1551 
5 3 -0.1940 
6 3 -0.2480 
7 3 -0.3258 
8 3 -0.4409 
9 3 -0.6189 
10 3 -0.9057 
11 3 -1.3866 
12 3 -2.2092 
13 3 -03.541 
14 3 -05.257 
15 3 -06.592 
16 3 -07.167 
17 3 -07.330 
18 3 -07.356 
19 3 -07.347 
20 3 -07.327 
21 3 -07.305 
22 3 -07.285 
23 3 -07.271 
24 3 -07.264 
25 3 -07.267 
26 3 -07.279 
27 3 -07.299 
28 3 -07.329 
29 3 -07.362 
30 3 -07.398 
31 3 -07.431 
32 3 -07.457 
33 3 -07.479 
34 3 -07.489 
35 3 -07.486 
36 3 -07.455 
37 3 -07.353 
38 3 -07.009 
39 3 -06.059 
40 3 -04.407 
41 3 -02.793 
42 3 -1.7160 
43 3 -1.0774 
44 3 -0.7046 
45 3 -0.4795 
46 3 -0.3397 
47 3 -0.2481 
48 3 -0.1878 
49 3 -0.1459 
50 3 -0.1168 
51 3 -0.0949 
51 4 -0.0948 
50 4 -0.1162 
49 4 -0.1447 
48 4 -0.1865 
47 4 -0.2462 
46 4 -0.3367 
45 4 -0.4778 
44 4 -0.7031 
43 4 -1.0768 
42 4 -1.7135 
41 4 -2.7820 
40 4 -04.342 
39 4 -05.937 
38 4 -06.875 
37 4 -07.222 
36 4 -07.328 
35 4 -07.359 
34 4 -07.365 
33 4 -07.357 
32 4 -07.344 
31 4 -07.325 
30 4 -07.302 
29 4 -07.279 
28 4 -07.257 
27 4 -07.240 
26 4 -07.227 
25 4 -07.223 
24 4 -07.224 
23 4 -07.233 
22 4 -07.248 
21 4 -07.265 
20 4 -07.287 
19 4 -07.306 
18 4 -07.314 
17 4 -07.282 
16 4 -07.111 
15 4 -06.530 
14 4 -05.229 
13 4 -03.565 
12 4 -02.247 
11 4 -1.4253 
10 4 -0.9384 
9 4 -0.6462 
8 4 -0.4645 
7 4 -0.3462 
6 4 -0.2662 
5 4 -0.2100 
4 4 -0.1691 
3 4 -0.1387 
2 4 -0.1146 
1 4 -0.0953 
1 5 -0.0949 
2 5 -0.1125 
3 5 -0.1345 
4 5 -0.1633 
5 5 -0.2026 
6 5 -0.2573 
7 5 -0.3356 
8 5 -0.4523 
9 5 -0.6320 
10 5 -0.9215 
11 5 -1.4055 
12 5 -2.2250 
13 5 -03.520 
14 5 -05.149 
15 5 -06.433 
16 5 -07.018 
17 5 -07.194 
18 5 -07.230 
19 5 -07.228 
20 5 -07.215 
21 5 -07.200 
22 5 -07.188 
23 5 -07.178 
24 5 -07.173 
25 5 -07.173 
26 5 -07.180 
27 5 -07.192 
28 5 -07.209 
29 5 -07.229 
30 5 -07.250 
31 5 -07.271 
32 5 -07.290 
33 5 -07.305 
34 5 -07.316 
35 5 -07.315 
36 5 -07.290 
37 5 -07.188 
38 5 -06.840 
39 5 -05.910 
40 5 -04.346 
41 5 -02.801 
42 5 -1.7392 
43 5 -1.0992 
44 5 -0.7219 
45 5 -0.4939 
46 5 -0.3512 
47 5 -0.2590 
48 5 -0.1974 
49 5 -0.1550 
50 5 -0.1250 
51 5 -0.1026 
51 6 -0.1021 
50 6 -0.1232 
49 6 -0.1524 
48 6 -0.1937 
47 6 -0.2542 
46 6 -0.3449 
45 6 -0.4862 
44 6 -0.7123 
43 6 -1.0877 
42 6 -1.7258 
41 6 -2.7884 
40 6 -04.322 
39 6 -05.884 
38 6 -06.813 
37 6 -07.162 
36 6 -07.263 
35 6 -07.289 
34 6 -07.292 
33 6 -07.285 
32 6 -07.274 
31 6 -07.261 
30 6 -07.248 
29 6 -07.234 
28 6 -07.220 
27 6 -07.210 
26 6 -07.205 
25 6 -07.206 
24 6 -07.212 
23 6 -07.222 
22 6 -07.236 
21 6 -07.252 
20 6 -07.271 
19 6 -07.286 
18 6 -07.290 
17 6 -07.254 
16 6 -07.076 
15 6 -06.490 
14 6 -05.205 
13 6 -03.570 
12 6 -02.264 
11 6 -1.4417 
10 6 -0.9521 
9 6 -0.6586 
8 6 -0.4754 
7 6 -0.3557 
6 6 -0.2744 
5 6 -0.2177 
4 6 -0.1758 
3 6 -0.1446 
2 6 -0.1206 
1 6 -0.1015 
1 7 -0.1006 
2 7 -0.1179 
3 7 -0.1408 
4 7 -0.1699 
5 7 -0.2094 
6 7 -0.2641 
7 7 -0.3429 
8 7 -0.4586 
9 7 -0.6377 
10 7 -0.9274 
11 7 -1.4122 
12 7 -2.2344 
13 7 -03.540 
14 7 -05.193 
15 7 -06.490 
16 7 -07.078 
17 7 -07.255 
18 7 -07.294 
19 7 -07.292 
20 7 -07.278 
21 7 -07.263 
22 7 -07.249 
23 7 -07.238 
24 7 -07.230 
25 7 -07.227 
26 7 -07.230 
27 7 -07.239 
28 7 -07.251 
29 7 -07.265 
30 7 -07.283 
31 7 -07.300 
32 7 -07.319 
33 7 -07.334 
34 7 -07.346 
35 7 -07.350 
36 7 -07.332 
37 7 -07.236 
38 7 -06.892 
39 7 -05.955 
40 7 -04.372 
41 7 -02.813 
42 7 -1.7474 
43 7 -1.1057 
44 7 -0.7288 
45 7 -0.5003 
46 7 -0.3574 
47 7 -0.2661 
48 7 -0.2053 
49 7 -0.1631 
50 7 -0.1324 
51 7 -0.1096 
51 8 -0.1097 
50 8 -0.1304 
49 8 -0.1595 
48 8 -0.2002 
47 8 -0.2589 
46 8 -0.3491 
45 8 -0.4890 
44 8 -0.7125 
43 8 -1.0861 
42 8 -1.7241 
41 8 -2.8020 
40 8 -04.390 
39 8 -06.019 
38 8 -06.967 
37 8 -07.309 
36 8 -07.401 
35 8 -07.420 
34 8 -07.417 
33 8 -07.407 
32 8 -07.394 
31 8 -07.379 
30 8 -07.365 
29 8 -07.352 
28 8 -07.341 
27 8 -07.335 
26 8 -07.332 
25 8 -07.335 
24 8 -07.344 
23 8 -07.357 
22 8 -07.374 
21 8 -07.395 
20 8 -07.417 
19 8 -07.436 
18 8 -07.443 
17 8 -07.410 
16 8 -07.239 
15 8 -06.655 
14 8 -05.323 
13 8 -03.612 
12 8 -02.270 
11 8 -1.4433 
10 8 -0.9543 
9 8 -0.6619 
8 8 -0.4803 
7 8 -0.3616 
6 8 -0.2813 
5 8 -0.2238 
4 8 -0.1819 
3 8 -0.1511 
2 8 -0.1270 
1 8 -0.1073 
1 9 -0.1064 
2 9 -0.1241 
3 9 -0.1465 
4 9 -0.1754 
5 9 -0.2146 
6 9 -0.2685 
7 9 -0.3460 
8 9 -0.4609 
9 9 -0.6379 
10 9 -0.9244 
11 9 -1.4053 
12 9 -2.2346 
13 9 -03.598 
14 9 -05.389 
15 9 -06.767 
16 9 -07.345 
17 9 -07.509 
18 9 -07.540 
19 9 -07.532 
20 9 -07.512 
21 9 -07.489 
22 9 -07.467 
23 9 -07.448 
24 9 -07.435 
25 9 -07.428 
26 9 -07.427 
27 9 -07.432 
28 9 -07.443 
29 9 -07.459 
30 9 -07.478 
31 9 -07.498 
32 9 -07.523 
33 9 -07.547 
34 9 -07.569 
35 9 -07.581 
36 9 -07.572 
37 9 -07.489 
38 9 -07.160 
39 9 -06.198 
40 9 -04.488 
41 9 -02.831 
42 9 -1.7399 
43 9 -1.0985 
44 9 -0.7246 
45 9 -0.4995 
46 9 -0.3588 
47 9 -0.2687 
48 9 -0.2082 
49 9 -0.1665 
50 9 -0.1366 
51 9 -0.1147 
51 10 -0.1139 
50 10 -0.1353 
49 10 -0.1635 
48 10 -0.2033 
47 10 -0.2610 
46 10 -0.3479 
45 10 -0.4840 
44 10 -0.7040 
43 10 -1.0716 
42 10 -1.7077 
41 10 -02.812 
40 10 -04.552 
39 10 -06.389 
38 10 -07.370 
37 10 -07.682 
36 10 -07.757 
35 10 -07.763 
34 10 -07.745 
33 10 -07.723 
32 10 -07.698 
31 10 -07.673 
30 10 -07.652 
29 10 -07.635 
28 10 -07.623 
27 10 -07.615 
26 10 -07.615 
25 10 -07.624 
24 10 -07.639 
23 10 -07.662 
22 10 -07.691 
21 10 -07.724 
20 10 -07.758 
19 10 -07.788 
18 10 -07.804 
17 10 -07.780 
16 10 -07.633 
15 10 -07.071 
14 10 -05.621 
13 10 -03.690 
12 10 -02.269 
11 10 -1.4335 
10 10 -0.9505 
9 10 -0.6632 
8 10 -0.4837 
7 10 -0.3660 
6 10 -0.2858 
5 10 -0.2291 
4 10 -0.1875 
3 10 -0.1561 
2 10 -0.1310 
1 10 -0.1113 
1 11 -0.1105 
2 11 -0.1280 
3 11 -0.1503 
4 11 -0.1788 
5 11 -0.2165 
6 11 -0.2693 
7 11 -0.3451 
8 11 -0.4581 
9 11 -0.6317 
10 11 -0.9108 
11 11 -1.3830 
12 11 -2.2184 
13 11 -03.685 
14 11 -05.808 
15 11 -07.349 
16 11 -07.870 
17 11 -08.000 
18 11 -08.018 
19 11 -07.998 
20 11 -07.963 
21 11 -07.926 
22 11 -07.885 
23 11 -07.853 
24 11 -07.828 
25 11 -07.812 
26 11 -07.804 
27 11 -07.807 
28 11 -07.822 
29 11 -07.843 
30 11 -07.870 
31 11 -07.903 
32 11 -07.942 
33 11 -07.984 
34 11 -08.025 
35 11 -08.061 
36 11 -08.069 
37 11 -08.011 
38 11 -07.730 
39 11 -06.741 
40 11 -04.711 
41 11 -02.846 
42 11 -1.7173 
43 11 -1.0807 
44 11 -0.7145 
45 11 -0.4960 
46 11 -0.3598 
47 11 -0.2731 
48 11 -0.2151 
49 11 -0.1742 
50 11 -0.1451 
51 11 -0.1226 
